10001,20001	10
10002,20001	2
10003,20001	3
10004,20001	9
10005,20001	3
10006,20001	1
10001,20002	11
10002,20002	2
10003,20002	5
10004,20002	9
10005,20002	2
10006,20002	2
10001,20003	1
10002,20003	3
10003,20003	0
10004,20003	1
10005,20003	0
10006,20003	1
10001,20004	2
10002,20004	4
10003,20004	1
10004,20004	1
10005,20004	0
10006,20004	3
10001,20005	9
10002,20005	2
10003,20005	3
10004,20005	8
10005,20005	2
10006,20005	1
10001,20006	10
10002,20006	5
10003,20006	3
10004,20006	9
10005,20006	2
10006,20006	2
10001,20007	8
10002,20007	2
10003,20007	5
10004,20007	5
10005,20007	1
10006,20007	4
